[
	"fileversion","18.5.532",
	"hasindex",false,
	"pointcount",767,
	"vertexcount",3358,
	"primitivecount",878,
	"info",{
		"date":"2021-04-29 01:36:07",
		"timetocook":0,
		"software":"Houdini 18.5.532",
		"artist":"antu3",
		"hostname":"DESKTOP-RSAQPSL",
		"time":0.5,
		"bounds":[-0.240284353,0.245385155,2.83402205,4.31548882,-0.0697777569,0.524440765],
		"primcount_summary":"        878 Polygons\n",
		"attribute_summary":"     2 point attributes:\tP, Cd\n     1 global attributes:\tmid_point\n"
	},
	"topology",[
		"pointref",[
			"indices",[0,1,5,4,1,2,6,5,2,3,7,6,3,0,4,7,4,5,9,8,5,6,10,9,6,7,11,10,7,4,8,11,8,9,13,12,9,10,14,13,10,11,15,14,11,8,12,15,12,13,17,16,13,14,18,17,14,15,19,18,15,12,16,19,16,17,21,20,17,18,22,21,18,19,23,22,19,16,20,23,20,21,25,24,21,
				22,26,25,22,23,27,26,23,20,24,27,24,25,29,28,25,26,30,29,26,27,31,30,27,24,28,31,28,29,33,32,29,30,34,33,30,31,35,34,31,28,32,35,32,33,37,36,33,34,38,37,34,35,39,38,35,32,36,39,36,37,41,40,37,38,42,41,38,39,43,42,39,36,40,43,
				40,41,45,44,41,42,46,45,42,43,47,46,43,40,44,47,44,45,49,48,45,46,50,49,46,47,51,50,47,44,48,51,48,49,53,52,49,50,54,53,50,51,55,54,51,48,52,55,52,53,57,56,53,54,58,57,54,55,59,58,55,52,56,59,56,57,61,60,57,58,62,61,58,59,63,
				62,59,56,60,63,60,61,65,64,61,62,66,65,62,63,67,66,63,60,64,67,64,65,69,68,65,66,70,69,66,67,71,70,67,64,68,71,68,69,73,72,69,70,74,73,70,71,75,74,71,68,72,75,72,73,77,76,73,74,78,77,74,75,79,78,75,72,76,79,76,77,81,80,77,78,
				82,81,78,79,83,82,79,76,80,83,80,81,85,84,81,82,86,85,82,83,87,86,83,80,84,87,84,85,89,88,85,86,90,89,86,87,91,90,87,84,88,91,88,89,93,92,89,90,94,93,90,91,95,94,91,88,92,95,92,93,97,96,93,94,98,97,94,95,99,98,95,92,96,99,96,
				97,101,100,97,98,102,101,98,99,103,102,99,96,100,103,100,101,105,104,101,102,106,105,102,103,107,106,103,100,104,107,104,105,109,108,105,106,110,109,106,107,111,110,107,104,108,111,108,109,113,112,109,110,114,113,110,111,115,
				114,111,108,112,115,112,113,117,116,113,114,118,117,114,115,119,118,115,112,116,119,116,117,121,120,117,118,122,121,118,119,123,122,119,116,120,123,120,121,125,124,121,122,126,125,122,123,127,126,123,120,124,127,124,125,129,
				128,125,126,130,129,126,127,131,130,127,124,128,131,128,129,133,132,129,130,134,133,130,131,135,134,131,128,132,135,132,133,137,136,133,134,138,137,134,135,139,138,135,132,136,139,136,137,141,140,137,138,142,141,138,139,143,
				142,139,136,140,143,140,141,145,144,141,142,146,145,142,143,147,146,143,140,144,147,144,145,149,148,145,146,150,149,146,147,151,150,147,144,148,151,148,149,153,152,149,150,154,153,150,151,155,154,151,148,152,155,152,153,157,
				156,153,154,158,157,154,155,159,158,155,152,156,159,156,157,161,160,157,158,162,161,158,159,163,162,159,156,160,163,160,161,165,164,161,162,166,165,162,163,167,166,163,160,164,167,164,165,169,168,165,166,170,169,166,167,171,
				170,167,164,168,171,168,169,173,172,169,170,174,173,170,171,175,174,171,168,172,175,172,173,177,176,173,174,178,177,174,175,179,178,175,172,176,179,176,177,181,180,177,178,182,181,178,179,183,182,179,176,180,183,180,181,185,
				184,181,182,186,185,182,183,187,186,183,180,184,187,184,185,189,188,185,186,190,189,186,187,191,190,187,184,188,191,188,189,193,192,189,190,194,193,190,191,195,194,191,188,192,195,192,193,197,196,193,194,198,197,194,195,199,
				198,195,192,196,199,200,201,205,204,201,202,206,205,202,203,207,206,203,200,204,207,204,205,209,208,205,206,210,209,206,207,211,210,207,204,208,211,208,209,213,212,209,210,214,213,210,211,215,214,211,208,212,215,212,213,217,
				216,213,214,218,217,214,215,219,218,215,212,216,219,216,217,221,220,217,218,222,221,218,219,223,222,219,216,220,223,220,221,225,224,221,222,226,225,222,223,227,226,223,220,224,227,224,225,229,228,225,226,230,229,226,227,231,
				230,227,224,228,231,228,229,233,232,229,230,234,233,230,231,235,234,231,228,232,235,232,233,237,236,233,234,238,237,234,235,239,238,235,232,236,239,236,237,241,240,237,238,242,241,238,239,243,242,239,236,240,243,240,241,245,
				244,241,242,246,245,242,243,247,246,243,240,244,247,244,245,249,248,245,246,250,249,246,247,251,250,247,244,248,251,248,249,253,252,249,250,254,253,250,251,255,254,251,248,252,255,252,253,257,256,253,254,258,257,254,255,259,
				258,255,252,256,259,256,257,261,260,257,258,262,261,258,259,263,262,259,256,260,263,260,261,265,264,261,262,266,265,262,263,267,266,263,260,264,267,264,265,269,268,265,266,270,269,266,267,271,270,267,264,268,271,268,269,273,
				272,269,270,274,273,270,271,275,274,271,268,272,275,272,273,277,276,273,274,278,277,274,275,279,278,275,272,276,279,276,277,281,280,277,278,282,281,278,279,283,282,279,276,280,283,280,281,285,284,281,282,286,285,282,283,287,
				286,283,280,284,287,284,285,289,288,285,286,290,289,286,287,291,290,287,284,288,291,288,289,293,292,289,290,294,293,290,291,295,294,291,288,292,295,292,293,297,296,293,294,298,297,294,295,299,298,295,292,296,299,296,297,301,
				300,297,298,302,301,298,299,303,302,299,296,300,303,300,301,305,304,301,302,306,305,302,303,307,306,303,300,304,307,304,305,309,308,305,306,310,309,306,307,311,310,307,304,308,311,308,309,313,312,309,310,314,313,310,311,315,
				314,311,308,312,315,312,313,317,316,313,314,318,317,314,315,319,318,315,312,316,319,316,317,321,320,317,318,322,321,318,319,323,322,319,316,320,323,320,321,325,324,321,322,326,325,322,323,327,326,323,320,324,327,324,325,329,
				328,325,326,330,329,326,327,331,330,327,324,328,331,328,329,333,332,329,330,334,333,330,331,335,334,331,328,332,335,332,333,337,336,333,334,338,337,334,335,339,338,335,332,336,339,336,337,341,340,337,338,342,341,338,339,343,
				342,339,336,340,343,340,341,345,344,341,342,346,345,342,343,347,346,343,340,344,347,344,345,349,348,345,346,350,349,346,347,351,350,347,344,348,351,348,349,353,352,349,350,354,353,350,351,355,354,351,348,352,355,352,353,357,
				356,353,354,358,357,354,355,359,358,355,352,356,359,356,357,361,360,357,358,362,361,358,359,363,362,359,356,360,363,360,361,365,364,361,362,366,365,362,363,367,366,363,360,364,367,364,365,369,368,365,366,370,369,366,367,371,
				370,367,364,368,371,368,369,373,372,369,370,374,373,370,371,375,374,371,368,372,375,372,373,377,376,373,374,378,377,374,375,379,378,375,372,376,379,376,377,381,380,377,378,382,381,378,379,383,382,379,376,380,383,380,381,385,
				384,381,382,386,385,382,383,387,386,383,380,384,387,384,385,389,388,385,386,390,389,386,387,391,390,387,384,388,391,388,389,393,392,389,390,394,393,390,391,395,394,391,388,392,395,392,393,397,396,393,394,398,397,394,395,399,
				398,395,392,396,399,0,400,402,400,3,403,402,3,2,403,2,404,403,2,401,404,401,1,405,404,1,0,402,405,402,403,407,406,403,404,408,407,404,405,409,408,405,402,406,409,406,407,411,410,407,408,412,411,408,409,413,412,409,406,410,413,
				410,219,216,410,411,219,411,218,219,411,412,218,412,414,218,412,413,414,413,410,415,414,410,216,415,216,219,416,219,417,416,219,218,417,218,418,417,218,414,418,414,419,418,414,415,416,419,415,216,416,416,417,421,420,417,418,
				422,421,418,419,423,422,419,416,420,423,420,421,425,424,421,422,426,425,422,423,427,426,423,420,424,427,424,425,429,428,425,426,34,429,426,430,34,426,427,430,427,424,428,430,428,429,432,431,429,34,433,432,34,430,433,430,434,
				433,430,428,431,434,431,432,436,435,432,433,437,436,433,434,438,437,434,431,435,438,435,436,440,439,436,437,441,440,437,438,442,441,438,435,439,442,439,440,444,443,440,441,445,444,441,442,446,445,442,439,443,446,443,444,448,
				447,444,445,449,448,445,446,450,449,446,443,447,450,447,448,452,451,448,449,453,452,449,450,454,453,450,447,451,454,451,452,456,455,452,453,457,456,453,454,458,457,454,451,455,458,455,456,460,459,456,457,461,460,457,458,462,
				461,458,455,459,462,459,460,464,463,460,461,465,464,461,462,466,465,462,459,463,466,463,464,468,467,464,465,469,468,465,466,470,469,466,463,467,470,467,468,472,471,468,469,473,472,469,470,474,473,470,467,471,474,471,475,285,
				471,472,286,475,472,476,286,472,473,476,473,477,476,473,474,477,474,471,478,477,471,285,478,285,475,479,475,286,480,479,286,476,480,476,283,480,476,477,481,283,477,280,481,477,478,280,478,285,479,280,479,480,483,482,480,283,
				484,483,283,481,484,481,280,485,484,280,482,485,280,479,482,482,483,487,486,483,484,488,487,484,485,489,488,485,482,486,489,486,101,490,486,487,101,487,102,101,487,488,491,102,488,489,492,491,489,486,490,492,490,101,493,101,
				494,493,101,102,494,102,491,495,494,491,99,495,491,492,99,492,490,96,99,490,493,96,493,494,497,496,494,495,498,497,495,99,498,99,499,498,99,96,496,499,96,493,496,496,497,501,500,497,498,502,501,498,499,503,502,499,496,500,503,
				500,316,504,500,501,505,316,501,317,505,501,502,317,502,506,317,502,503,506,503,500,504,506,504,316,507,316,505,508,507,505,317,508,317,509,508,317,506,509,506,314,509,506,504,315,314,504,507,315,507,508,511,510,508,509,512,
				511,509,314,513,512,314,315,510,513,315,507,510,510,511,515,514,511,512,516,515,512,513,517,516,513,510,514,517,514,515,519,518,515,516,520,519,516,517,521,520,517,514,518,521,518,519,523,522,519,520,524,523,520,521,525,524,
				521,518,522,525,522,523,527,526,523,524,528,527,524,525,529,528,525,522,526,529,526,527,531,530,527,528,532,531,528,529,533,532,529,526,530,533,530,531,535,534,531,532,536,535,532,533,537,536,533,530,534,537,534,535,539,538,
				535,536,540,539,536,537,541,540,537,534,538,541,538,539,543,542,539,540,544,543,540,541,545,544,541,538,542,545,542,543,547,546,543,544,548,547,544,545,549,548,545,542,546,549,546,547,551,550,547,548,552,551,548,549,553,552,
				549,546,550,553,550,551,555,554,551,552,166,555,552,556,166,552,553,556,553,550,554,556,554,555,558,557,555,166,559,558,166,556,559,556,560,559,556,554,557,560,557,558,562,561,558,559,563,562,559,560,564,563,560,557,561,564,
				561,562,566,565,562,563,567,566,563,564,568,567,564,561,565,568,565,566,570,569,566,382,570,566,567,382,567,381,382,567,568,381,568,565,381,565,569,381,569,570,572,571,570,382,572,382,573,572,382,381,573,381,574,573,381,571,
				574,381,569,571,571,572,576,575,572,573,577,576,573,574,578,577,574,571,575,578,575,576,580,579,576,577,581,580,577,578,582,581,578,575,579,582,579,580,199,196,580,198,199,580,581,198,581,197,198,581,582,197,582,579,196,197,
				200,583,585,583,203,586,585,203,202,586,202,587,586,202,584,587,584,201,588,587,201,200,585,588,585,586,590,589,586,587,591,590,587,588,592,591,588,585,589,592,589,590,594,593,590,591,595,594,591,592,596,595,592,589,593,596,
				593,19,597,593,594,19,594,18,19,594,595,18,595,598,18,595,596,598,596,593,597,598,597,19,599,19,600,599,19,18,600,18,601,600,18,598,601,598,602,601,598,597,599,602,599,600,604,603,600,601,605,604,601,602,606,605,602,599,603,
				606,603,604,608,607,604,605,609,608,605,606,610,609,606,603,607,610,607,608,612,611,608,609,234,612,609,613,234,609,610,613,610,607,611,613,611,612,615,614,612,234,616,615,234,613,616,613,617,616,613,611,614,617,614,615,619,
				618,615,616,620,619,616,617,621,620,617,614,618,621,618,619,623,622,619,620,624,623,620,621,625,624,621,618,622,625,622,623,627,626,623,624,628,627,624,625,629,628,625,622,626,629,626,627,631,630,627,628,632,631,628,629,633,
				632,629,626,630,633,630,631,635,634,631,632,636,635,632,633,637,636,633,630,634,637,634,635,639,638,635,636,640,639,636,637,641,640,637,634,638,641,638,639,643,642,639,640,644,643,640,641,645,644,641,638,642,645,642,643,647,
				646,643,644,648,647,644,645,649,648,645,642,646,649,646,647,651,650,647,648,652,651,648,649,653,652,649,646,650,653,650,651,655,654,651,652,656,655,652,653,657,656,653,650,654,657,654,658,85,654,655,86,658,655,659,86,655,656,
				659,656,660,659,656,657,660,657,654,661,660,654,85,661,85,658,662,658,86,663,662,86,659,663,659,83,663,659,660,664,83,660,80,664,660,661,80,661,85,662,80,662,663,666,665,663,83,667,666,83,664,667,664,80,668,667,80,665,668,80,
				662,665,665,666,670,669,666,667,671,670,667,668,672,671,668,665,669,672,669,301,673,669,670,301,670,302,301,670,671,674,302,671,672,675,674,672,669,673,675,673,301,676,301,677,676,301,302,677,302,674,299,677,674,675,299,675,
				673,296,299,673,676,296,676,677,679,678,677,299,680,679,299,681,680,299,296,678,681,296,676,678,678,679,683,682,679,680,684,683,680,681,685,684,681,678,682,685,682,116,686,682,683,687,116,683,117,687,683,684,117,684,688,117,
				684,685,688,685,682,686,688,686,116,689,116,687,690,689,687,117,690,117,691,690,117,688,691,688,114,691,688,686,115,114,686,689,115,689,690,693,692,690,691,694,693,691,114,695,694,114,115,692,695,115,689,692,692,693,697,696,
				693,694,698,697,694,695,699,698,695,692,696,699,696,697,701,700,697,698,702,701,698,699,703,702,699,696,700,703,700,701,705,704,701,702,706,705,702,703,707,706,703,700,704,707,704,705,709,708,705,706,710,709,706,707,711,710,
				707,704,708,711,708,709,713,712,709,710,714,713,710,711,715,714,711,708,712,715,712,713,717,716,713,714,718,717,714,715,719,718,715,712,716,719,716,717,721,720,717,718,722,721,718,719,723,722,719,716,720,723,720,721,725,724,
				721,722,726,725,722,723,727,726,723,720,724,727,724,725,729,728,725,726,730,729,726,727,731,730,727,724,728,731,728,729,733,732,729,730,734,733,730,731,735,734,731,728,732,735,732,733,737,736,733,734,366,737,734,738,366,734,
				735,738,735,732,736,738,736,737,740,739,737,366,741,740,366,738,741,738,742,741,738,736,739,742,739,740,744,743,740,741,745,744,741,742,746,745,742,739,743,746,743,744,748,747,744,745,749,748,745,746,750,749,746,743,747,750,
				747,748,752,751,748,182,752,748,749,182,749,181,182,749,750,181,750,747,181,747,751,181,751,752,754,753,752,182,754,182,755,754,182,181,755,181,756,755,181,753,756,181,751,753,753,754,758,757,754,755,759,758,755,756,760,759,
				756,753,757,760,757,758,762,761,758,759,763,762,759,760,764,763,760,757,761,764,761,762,399,396,762,765,399,762,763,398,765,763,764,397,398,764,761,766,397,761,396,766]
		]
	],
	"attributes",[
		"pointattributes",[
			[
				[
					"scope","public",
					"type","numeric",
					"name","P",
					"options",{
						"type":{
							"type":"string",
							"value":"point"
						}
					}
				],
				[
					"size",3,
					"storage","fpreal32",
					"defaults",[
						"size",1,
						"storage","fpreal64",
						"values",[0]
					],
					"values",[
						"size",3,
						"storage","fpreal32",
						"tuples",[[-0.237490505,2.85504985,0.160364777],[-0.218497232,2.87417865,0.15722014],[-0.199532509,2.85083055,0.16027227],[-0.214157164,2.83459163,0.159260273],[-0.222011566,2.88070917,0.250343531],[-0.201215282,
								2.90024424,0.235929042],[-0.186236322,2.87577271,0.238811225],[-0.201494768,2.86101246,0.249534249],[-0.174621731,2.90993667,0.32855311],[-0.158408657,2.92657089,0.306496203],[-0.145432532,2.90086985,
								0.306182146],[-0.157313839,2.88824797,0.322538078],[-0.101753965,2.93988347,0.38331461],[-0.0932379514,2.95328856,0.355430216],[-0.0823156238,2.92674112,0.353646398],[-0.0885108486,2.91650462,
								0.374308199],[-0.0141856074,2.97077084,0.406777143],[-0.0155322682,2.98063302,0.376221836],[-0.00372412731,2.95380521,0.374094009],[-0.00307499804,2.94924021,0.400978446],[0.0751527324,3.00267267,
								0.395787716],[0.0632856488,3.0087142,0.366506696],[0.0730561465,2.98175216,0.364514589],[0.0819660947,2.97697258,0.386209965],[0.153143406,3.03549886,0.352342516],[0.13184166,3.03750467,0.328304112],
							[0.142811432,3.01104116,0.325714171],[0.15873228,3.00926042,0.343514532],[0.208464116,3.06900549,0.283242941],[0.180403084,3.06684995,0.267643243],[0.193038583,3.04138207,0.263069183],[0.21399118,3.04269862,
								0.274588674],[0.233268827,3.1028285,0.199025139],[0.202202022,3.09649777,0.193653911],[0.212827593,3.07400799,0.180318028],[0.23915939,3.07694459,0.189350456],[0.224322349,3.13653755,0.112331614],
							[0.1943333,3.12613821,0.117251478],[0.20764406,3.10409594,0.104140311],[0.230034128,3.11156487,0.100346029],[0.183590561,3.16954851,0.0364018716],[0.158096731,3.155406,0.049587775],[0.168420807,3.13594866,
								0.030677557],[0.187443718,3.14622235,0.0206881836],[0.117878564,3.20677137,-0.0177387949],[0.0987658054,3.18896627,0.000660330057],[0.102994904,3.17302608,-0.0233299173],[0.117217511,3.18605518,
								-0.0372421741],[0.03581338,3.24759364,-0.0412008166],[0.0247873999,3.2258358,-0.0204245206],[0.0215289891,3.21353006,-0.046499867],[0.0296707489,3.22953105,-0.0621983521],[-0.0505895205,3.27959132,
								-0.0313573107],[-0.0530427657,3.25459981,-0.0116219018],[-0.0640834868,3.24525118,-0.0368470922],[-0.0623862743,3.26368356,-0.0517641418],[-0.127255797,3.30365419,0.00904693175],[-0.123450175,
								3.27661419,0.0253668316],[-0.14248234,3.26988316,0.00430655107],[-0.145515785,3.28986382,-0.00803110376],[-0.183593094,3.32469225,0.0742717236],[-0.176241308,3.29628134,0.0863960311],[-0.201720193,
								3.29201603,0.0727743879],[-0.207455233,3.31304097,0.0636309832],[-0.212132841,3.34399486,0.154982612],[-0.203542352,3.3146615,0.163358122],[-0.23241955,3.31276989,0.15930289],[-0.239110976,3.33450532,
								0.153045937],[-0.209431976,3.36431479,0.239663288],[-0.200998932,3.33448553,0.246088743],[-0.229559436,3.33513451,0.252222121],[-0.23613058,3.35726571,0.247524381],[-0.17628023,3.38892531,0.316697121],
							[-0.168191224,3.35884166,0.322328568],[-0.192769766,3.36244869,0.337714642],[-0.199041635,3.38480139,0.333708346],[-0.117440842,3.41439295,0.375071615],[-0.109678984,3.38417721,0.380433142],[-0.127230048,
								3.39086246,0.402784884],[-0.133181408,3.41334724,0.399055928],[-0.0470568165,3.44282603,0.404448241],[-0.0337161943,3.40940046,0.412862122],[-0.0426029563,3.41905737,0.438874096],[-0.0563131869,
								3.44247055,0.434835166],[0.0374742635,3.46635532,0.408745706],[0.0435402878,3.43886781,0.411844701],[0.044938691,3.44680238,0.43971765],[0.0402676389,3.47169614,0.43677631],[0.11100141,3.49580121,
								0.380922794],[0.126643762,3.46854424,0.385520875],[0.133773804,3.48420691,0.408890307],[0.122251019,3.50459671,0.40573886],[0.167596877,3.52734542,0.328148365],[0.187246889,3.50233364,0.329093933],
							[0.199436799,3.52088451,0.347692907],[0.184997633,3.53964114,0.347197682],[0.198993593,3.56384468,0.259584308],[0.221655846,3.53827143,0.253612697],[0.236270949,3.55944633,0.266771913],[0.219942242,3.56994534,
								0.269703537],[0.201571658,3.59422135,0.182689726],[0.220062226,3.57929301,0.171072528],[0.238583952,3.59050488,0.175914273],[0.222305313,3.61303186,0.187822461],[0.174333125,3.62785649,0.111818053],
							[0.19402653,3.61291075,0.0914641544],[0.207328022,3.63800716,0.0962156579],[0.192868978,3.64937019,0.111364588],[0.121529497,3.66044188,0.0565602891],[0.134860188,3.64950657,0.0295052901],[0.146307662,
								3.67573619,0.0324037373],[0.136547253,3.68413758,0.052502282],[0.0507971272,3.69124842,0.0253034327],[0.0550381914,3.68434978,-0.00578918308],[0.0606070384,3.71053481,-0.00239671767],[0.0553158857,
								3.71196651,0.0180219784],[-0.0309457518,3.71654415,0.0242663696],[-0.0413232483,3.71450973,-0.00745427515],[-0.0238995738,3.743644,-0.00591595471],[-0.0191417988,3.7461648,0.0174035206],[-0.102380686,
								3.74596667,0.0506605692],[-0.118871734,3.74662399,0.0230348147],[-0.10775353,3.77306533,0.0251325592],[-0.0953990966,3.77287078,0.0456455499],[-0.162456185,3.76995087,0.104760058],[-0.18718192,
								3.77397251,0.0845614448],[-0.174189955,3.79966021,0.0850493163],[-0.155707166,3.79696178,0.100035831],[-0.1988419,3.79229426,0.178041294],[-0.228490517,3.79940557,0.167786971],[-0.213840947,3.82407713,
								0.165036857],[-0.191688552,3.8190763,0.172611922],[-0.20581162,3.81294203,0.259785026],[-0.236428693,3.8228569,0.260761231],[-0.221470311,3.84655666,0.254098952],[-0.198596194,3.83946562,0.253301084],
							[-0.182326332,3.82734323,0.340028077],[-0.209801793,3.83930731,0.351495802],[-0.196158484,3.86204195,0.339918494],[-0.17562905,3.85342002,0.331284732],[-0.130653277,3.84323668,0.407686621],[-0.152162433,
								3.85712147,0.426886886],[-0.142836541,3.87845039,0.40954417],[-0.126780078,3.86838841,0.395111352],[-0.0579750873,3.86440158,0.452307045],[-0.0719984472,3.88050795,0.476071745],[-0.0695956498,
								3.89978313,0.454443008],[-0.0591680445,3.88805079,0.43657729],[0.0252365433,3.89082026,0.467346489],[0.0188552067,3.90940952,0.492449373],[0.0127860382,3.92594314,0.469252288],[0.0174517687,3.91233873,
								0.450376719],[0.107032217,3.92298031,0.450802922],[0.10702762,3.94413471,0.47456637],[0.0921305045,3.95714378,0.453124195],[0.0919688568,3.94159794,0.435261518],[0.17533733,3.96053743,0.405259103],
							[0.179629833,3.98411775,0.426090896],[0.15707922,3.99286366,0.409726083],[0.153645664,3.9754715,0.39409402],[0.219836384,4.00237703,0.337652862],[0.22620818,4.02799654,0.35521394],[0.198577732,4.03190899,
								0.346546769],[0.193545699,4.01295042,0.33342585],[0.233550966,4.04676342,0.258340329],[0.24029547,4.07382107,0.273359358],[0.213524297,4.07386303,0.279207736],[0.205774948,4.05251741,0.262607813],
							[0.213958085,4.09158325,0.179618984],[0.220329106,4.11935139,0.193418667],[0.193349689,4.11302376,0.202649653],[0.188325435,4.09235859,0.192516834],[0.163460687,4.13465834,0.113917761],[0.169804573,4.16239643,
								0.127792537],[0.148346245,4.15131378,0.144167349],[0.143403307,4.1306181,0.134057999],[0.0891200379,4.17406511,0.0719249472],[0.0966598019,4.20113182,0.0865493342],[0.0829330757,4.1859045,0.10725306],
							[0.0771888196,4.16566086,0.0966356844],[0.00166608475,4.20843124,0.0609387867],[0.0139377909,4.23191643,0.0719231218],[0.0117029343,4.21584177,0.0978183746],[-0.000961094745,4.19631577,0.0867926031],[-0.0860723257,
								4.23714685,0.0837106183],[-0.071602501,4.26169586,0.0977326632],[-0.0690695122,4.2404995,0.117396921],[-0.0797735751,4.22205687,0.107214779],[-0.161088184,4.26046324,0.137966588],[-0.14201504,
								4.28355026,0.148723543],[-0.133579135,4.26047421,0.164057106],[-0.147632033,4.2430954,0.156248674],[-0.212171406,4.27946138,0.216699556],[-0.1892827,4.30109882,0.221664682],[-0.177405208,4.27669621,
								0.231597647],[-0.194249928,4.26037741,0.228025109],[-0.230940267,4.29422522,0.308159441],[-0.208278641,4.31548882,0.312937915],[-0.194444448,4.2930212,0.309476405],[-0.211099088,4.27700138,0.305893928],
							[0.240468457,2.85389161,0.169886127],[0.22287789,2.87376642,0.174576789],[0.202808887,2.85058403,0.171059623],[0.217083693,2.83402205,0.170826018],[0.224922746,2.88390183,0.0817350969],[0.206908435,2.90506339,
								0.0974065214],[0.189275056,2.88236022,0.0945843682],[0.202440724,2.86641335,0.0829297602],[0.177595749,2.91814137,0.00559799373],[0.163727582,2.93622541,0.0280243792],[0.148644969,2.91168141,0.0292025059],
							[0.158763736,2.8979969,0.0125821307],[0.104724683,2.95165706,-0.0471582562],[0.0979967639,2.96639085,-0.0195159093],[0.0858610123,2.94048643,-0.0162756387],[0.0907165855,2.9292717,-0.0367417969],[0.0124922106,
								2.98449016,-0.0697777569],[0.0196637176,2.99536061,-0.0386624224],[0.0072688791,2.96846509,-0.0350867175],[0.00665996922,2.96326947,-0.0618547909],[-0.0724857673,3.01547623,-0.0555708632],[-0.0597299188,
								3.02307367,-0.0270664413],[-0.0684413016,2.99590778,-0.0235395823],[-0.0779987127,2.98997188,-0.0446419567],[-0.150723204,3.04564834,-0.00994005799],[-0.12871787,3.04961586,0.0131870992],[-0.13761422,
								3.02251267,0.0167507157],[-0.154033944,3.0192697,-0.000362984836],[-0.206260547,3.07484627,0.0614950098],[-0.177522063,3.07521033,0.0759736225],[-0.18737483,3.04859495,0.0806681886],[-0.208799049,
								3.04803014,0.0699815601],[-0.231164545,3.10337257,0.148180842],[-0.199382871,3.10018349,0.152065754],[-0.208113387,3.07494593,0.164507985],[-0.233745694,3.07653904,0.156597182],[-0.222127333,3.13160467,
								0.237412676],[-0.191449702,3.12492418,0.230473965],[-0.201777071,3.10048079,0.241784692],[-0.224644795,3.10516477,0.247056365],[-0.180729657,3.16004515,0.316675544],[-0.155106008,3.14990473,0.30005303],
							[-0.163328856,3.12689304,0.31536755],[-0.182424769,3.13415933,0.327865988],[-0.113067277,3.18364167,0.374390483],[-0.0957767144,3.17054081,0.350687116],[-0.100229055,3.14888954,0.369281739],[-0.11310263,
								3.15836668,0.387068301],[-0.0308216494,3.20302153,0.40280503],[-0.0223761164,3.18763208,0.376150906],[-0.0200438984,3.16773701,0.397273123],[-0.0262820292,3.17893076,0.417276263],[0.0536647625,
								3.23058081,0.400043905],[0.0546949208,3.21273518,0.373654157],[0.0659754425,3.19578838,0.394512981],[0.0653363615,3.20883679,0.414317101],[0.129403561,3.26549482,0.366662711],[0.124220423,3.24477959,
								0.343015492],[0.143602982,3.23157191,0.360307187],[0.147662014,3.24678993,0.378037691],[0.185292751,3.30294609,0.307838231],[0.176000014,3.27940559,0.288588494],[0.201527566,3.2703619,0.299456686],
							[0.208702743,3.2877214,0.313854456],[0.213294789,3.34161353,0.233128771],[0.202274919,3.31561375,0.218595594],[0.23103106,3.31105518,0.220889255],[0.239523008,3.33028841,0.231693774],[0.209733233,3.37877226,
								0.153767064],[0.198939979,3.35072517,0.14357838],[0.227279246,3.35060358,0.13647075],[0.235598475,3.37140465,0.143948838],[0.175851315,3.41110659,0.0817049071],[0.166344911,3.38191795,0.0739471391],
							[0.190589637,3.38583946,0.0581324659],[0.197909072,3.40753174,0.0637111068],[0.11753612,3.44214606,0.028073132],[0.108382344,3.41280174,0.020510029],[0.125597507,3.42055464,-0.00175096281],[0.132577509,
								3.44240499,0.00361187011],[0.0472383164,3.47629809,0.00451824162],[0.0330630615,3.44435596,-0.0071017351],[0.0415244997,3.4558022,-0.0325595438],[0.0563447587,3.47847223,-0.0255889725],[-0.0367557146,
								3.50193071,0.00364697841],[-0.043365337,3.47467208,-0.00204795715],[-0.0450569764,3.48510861,-0.0292305015],[-0.040399272,3.50952816,-0.0237797238],[-0.110066585,3.52781057,0.036188487],[-0.125033647,
								3.5006299,0.0295826606],[-0.133373648,3.5181756,0.00796370581],[-0.122365139,3.53852963,0.0126236528],[-0.166335419,3.55130744,0.0937121511],[-0.184637025,3.52553749,0.0904292539],[-0.198429972,
								3.54542279,0.0744424611],[-0.185008675,3.56475639,0.0767002255],[-0.19736889,3.57596207,0.16753377],[-0.218245983,3.54895973,0.17024371],[-0.234704435,3.57077622,0.160715371],[-0.223513842,3.58656693,
								0.159810096],[-0.199380383,3.59394765,0.248543516],[-0.216286659,3.57574749,0.257704914],[-0.236188576,3.58745933,0.255538702],[-0.221505925,3.61188388,0.247399926],[-0.17162919,3.61493754,0.323983997],
							[-0.189720094,3.59496307,0.341195703],[-0.204536468,3.61967373,0.342194885],[-0.191282794,3.63476229,0.329440206],[-0.118352801,3.63698578,0.383748561],[-0.130392402,3.61958838,0.407811165],[-0.142743737,
								3.64532948,0.411491275],[-0.133950949,3.65851831,0.393685043],[-0.047223676,3.66089249,0.41949895],[-0.0504971594,3.64651179,0.448006898],[-0.0561893694,3.67283225,0.450745195],[-0.0510990098,
								3.67915058,0.430879354],[0.0350634381,3.68403578,0.424850076],[0.0456774458,3.67410898,0.45559299],[0.0293695368,3.70315433,0.460445851],[0.0240778178,3.71152091,0.438675314],[0.106528781,3.71610737,
								0.403339863],[0.123659551,3.70920587,0.429680169],[0.114257753,3.7359581,0.434411287],[0.101447865,3.7413733,0.414927334],[0.166865647,3.74747109,0.354044914],[0.192274153,3.74494648,0.373633325],
							[0.181669965,3.77108765,0.37926808],[0.162707224,3.77324986,0.364801973],[0.203645319,3.78081608,0.285626113],[0.234062061,3.78292704,0.295891643],[0.222059518,3.80783606,0.303980321],[0.199366733,3.80654645,
								0.296456099],[0.211279124,3.81633162,0.207766384],[0.242639616,3.82318687,0.208046481],[0.230025485,3.84580994,0.220980942],[0.206625953,3.840976,0.22091651],[0.18796207,3.85813427,0.13520734],
							[0.216453925,3.87011957,0.126523435],[0.205640972,3.88956618,0.144995302],[0.18438904,3.88089228,0.151640713],[0.137074739,3.89857554,0.0777164027],[0.159368783,3.91550779,0.062059328],[0.152395308,3.93186665,
								0.0848988965],[0.135782778,3.91948938,0.0967646539],[0.0655358434,3.93428278,0.0432523675],[0.0797079131,3.95532751,0.0237513408],[0.0788125396,3.96857285,0.0495638289],[0.0682913288,3.95311069,
								0.0643135458],[-0.0166240949,3.96532512,0.0381873287],[-0.0107564144,3.9895525,0.0182302035],[-0.00375505118,3.99975443,0.044552885],[-0.00802947953,3.98189831,0.0596465319],[-0.0973690823,3.99121881,
								0.0645799041],[-0.0986215472,4.01777363,0.0470135212],[-0.0832501799,4.02523232,0.070617117],[-0.0821509287,4.00561953,0.0839074552],[-0.164718121,4.0123105,0.119869031],[-0.170948207,4.04046822,
								0.106470615],[-0.14821884,4.0455637,0.12404646],[-0.14334622,4.02473593,0.134178668],[-0.208430052,4.0296998,0.197176352],[-0.217207924,4.05891895,0.188415632],[-0.189545214,4.06199265,0.197276294],
							[-0.182728261,4.04035521,0.203872204],[-0.221565068,4.04509401,0.286228836],[-0.23085466,4.0750103,0.28138864],[-0.203116924,4.0786767,0.275348991],[-0.194475517,4.05408716,0.28363657],[-0.201595768,4.06056595,
								0.37481603],[-0.210265353,4.09092903,0.372423947],[-0.18338111,4.09035492,0.360989273],[-0.176653102,4.06782818,0.362636745],[-0.15088056,4.07824898,0.450580508],[-0.158911854,4.10882759,0.449021667],
							[-0.137709469,4.10621357,0.429111898],[-0.131517828,4.08350468,0.430047482],[-0.0764083117,4.10001659,0.502872705],[-0.084755227,4.13049889,0.501010239],[-0.0715967268,4.12547541,0.475466877],[-0.0652601048,
								4.10281134,0.476565331],[0.0111720394,4.12719202,0.524392307],[-0.00125339522,4.15343904,0.524440765],[0.000830612145,4.14921188,0.494129211],[0.0128003461,4.1269722,0.495746225],[0.0991016552,
								4.16033363,0.512347579],[0.0857783109,4.18905163,0.510343611],[0.081634894,4.17798471,0.483785331],[0.0914707854,4.15656185,0.484977394],[0.174415782,4.1991396,0.46894446],[0.157242239,4.22587204,
								0.469085485],[0.146620631,4.21140289,0.446297616],[0.159240395,4.19141531,0.445940524],[0.225910395,4.24247408,0.401112646],[0.20537439,4.26638699,0.40558368],[0.190859646,4.24856472,0.387990862],
							[0.205930173,4.23063087,0.384479821],[0.245385155,4.28468561,0.321123153],[0.226188511,4.31048679,0.325223029],[0.209674329,4.29576111,0.31828779],[0.224970162,4.27153778,0.31696403],[-0.229323909,2.83772063,
								0.150392845],[-0.209160164,2.87232089,0.168620571],[-0.216753781,2.88482261,0.0699645355],[-0.18857877,2.87097454,0.0765268058],[-0.186169893,2.89694643,0.088666901],[-0.20704034,2.9075048,0.0839342326],
							[-0.165305033,2.91891956,-0.0035307582],[-0.142478704,2.90148926,0.0106090344],[-0.14166984,2.92634964,0.0251364261],[-0.158590928,2.93955302,0.0148100406],[-0.0896131694,2.95221472,-0.0522992127],[-0.0739571825,
								2.93158937,-0.033591114],[-0.0765528753,2.95491171,-0.0168043859],[-0.0881935284,2.97046804,-0.0304940082],[-0.00485590287,2.99520683,-0.0390516333],[-0.00571883935,2.99805236,-0.0628118217],[0.0879380181,
								3.01549292,-0.0511943363],[0.0897418559,2.98984003,-0.0324701443],[0.0758031011,3.00905228,-0.015860457],[0.0743107647,3.0282917,-0.0295639746],[0.163670555,3.04542375,-0.00145378336],[0.161035269,
								3.01797295,0.0142841898],[0.140979812,3.03473139,0.0269267336],[0.142712176,3.05527687,0.0153941065],[0.215353221,3.07444596,0.0728156939],[0.210446864,3.04566741,0.0851807296],[0.185712665,3.0597651,
								0.0911639407],[0.189077616,3.08126593,0.0820592046],[0.23564285,3.10288477,0.160652474],[0.230191886,3.07323837,0.170370966],[0.203753561,3.09929848,0.162982762],[0.221928403,3.13112688,0.249201104],
							[0.216740027,3.1010673,0.257660687],[0.191397116,3.10930824,0.245763674],[0.194964498,3.13169432,0.239357471],[0.176493362,3.15965438,0.326005489],[0.171607405,3.12940359,0.333949178],[0.151199028,3.13454866,
								0.313712001],[0.154596791,3.15704226,0.307595998],[0.105958045,3.18423629,0.380013615],[0.101306275,3.15391493,0.387821198],[0.0887793154,3.15628099,0.361541569],[0.0920906886,3.17879605,0.355459601],
							[0.0218910482,3.20354891,0.404024005],[0.0148296058,3.17384148,0.412758112],[0.0119580701,3.17377996,0.383697927],[0.0171636585,3.19581318,0.376897961],[-0.0629916936,3.22931886,0.396550924],[-0.0756678432,
								3.20133448,0.404859662],[-0.0688652918,3.19827223,0.376650631],[-0.0593881458,3.21899366,0.37017557],[-0.137459815,3.26248527,0.359030157],[-0.155631855,3.23695064,0.364578128],[-0.140585303,3.23020887,
								0.340523779],[-0.126940548,3.24907303,0.336142391],[-0.190774485,3.2986486,0.297238916],[-0.213305563,3.27608061,0.297826082],[-0.192580074,3.26541519,0.280378759],[-0.175639376,3.28203559,0.27974993],
							[-0.215360031,3.33658671,0.221311226],[-0.240284353,3.31768203,0.214703307],[-0.217137188,3.30316734,0.204832226],[-0.198394582,3.31702805,0.209623873],[-0.208312362,3.37567115,0.142892331],[-0.232516676,
								3.36090279,0.128041923],[-0.210044861,3.34271002,0.125498593],[-0.191843778,3.35346198,0.136484817],[-0.170777902,3.41242862,0.0731063709],[-0.190812007,3.40181637,0.0504498743],[-0.171667054,
								3.38036013,0.0540235937],[-0.156595826,3.38799334,0.0708673],[-0.10876485,3.44450855,0.0224571526],[-0.121254541,3.43793488,-0.00641290843],[-0.106752887,3.41404343,0.000843577087],[-0.0973287299,
								3.41865444,0.0223366171],[-0.036871098,3.48369122,-0.0126938522],[-0.0294876806,3.45680737,-0.0344410501],[-0.0225098804,3.44490719,-0.00874676183],[-0.0268638134,3.46172047,0.0073640123],[0.0468580052,
								3.50751042,0.00190807506],[0.0564049259,3.50190926,-0.0250967313],[0.062466383,3.47074485,-0.0096174106],[0.120039701,3.52505374,0.0421713889],[0.138379991,3.52954555,0.0161154345],[0.143066764,
								3.50208426,0.0232465565],[0.129515886,3.49844861,0.0426510125],[0.173791811,3.54730535,0.102478139],[0.199462771,3.55490899,0.084663704],[0.203564987,3.52718401,0.0910469592],[0.184570536,3.52123713,
								0.10433048],[0.198732287,3.5614686,0.180604905],[0.235318035,3.55125308,0.177261412],[0.213583872,3.54316998,0.183053941],[0.200650692,3.59684181,0.256861925],[0.228946924,3.60248756,0.261334747],
							[0.238226444,3.58211231,0.268932939],[0.168754965,3.61091924,0.332709521],[0.194124937,3.62678719,0.344081402],[0.197336316,3.60043764,0.355268538],[0.178555235,3.58837652,0.346958071],[0.113006398,3.63419247,
								0.38969323],[0.132270217,3.65266037,0.407251835],[0.132588506,3.62756062,0.42147848],[0.118304238,3.613585,0.408613056],[0.0381985307,3.65229416,0.422436029],[0.0517349876,3.6826725,0.434169799],
							[0.0423243903,3.64558244,0.450565428],[-0.0346708,3.69450569,0.421795785],[-0.0319414362,3.71115375,0.445382953],[-0.0427442491,3.69009209,0.462086946],[-0.110806964,3.71837401,0.397830248],[-0.109921783,
								3.74383426,0.416781068],[-0.127455801,3.725631,0.431068391],[-0.128306612,3.70654559,0.417171061],[-0.16785869,3.75107121,0.345515549],[-0.169816941,3.77821779,0.361774445],[-0.193179905,3.76339674,
								0.37076661],[-0.191986337,3.74309802,0.358807176],[-0.200369433,3.78521848,0.275275737],[-0.203265041,3.81345344,0.289315641],[-0.230240762,3.80247068,0.290584117],[-0.22839199,3.78140759,0.280184925],
							[-0.203223079,3.82111001,0.197093889],[-0.205951124,3.84931183,0.211240605],[-0.233307406,3.84274054,0.203255892],[-0.231587142,3.82175064,0.192674935],[-0.175213486,3.86259604,0.125843018],[-0.178479522,
								3.89005041,0.141267627],[-0.202406898,3.88851833,0.124568328],[-0.200249612,3.86813855,0.112943023],[-0.12045078,3.9017849,0.0710155144],[-0.124688886,3.92851496,0.0874618441],[-0.142006755,3.93174839,
								0.0641499907],[-0.139055282,3.91195893,0.0516936183],[-0.0463268496,3.93567514,0.0402195603],[-0.0530093759,3.96123338,0.0577646308],[-0.061415676,3.96862268,0.0307736434],[-0.0565524511,3.94974804,
								0.017461583],[0.0368091576,3.96465158,0.0393413827],[0.0258281156,3.98867178,0.0569862984],[0.0272082798,3.99953341,0.0299170986],[0.0353681035,3.98183823,0.0165301189],[0.116807282,3.98853326,
								0.0698309615],[0.10049592,4.01092243,0.0854969919],[0.110918261,4.02454376,0.0619077459],[0.123131715,4.00808859,0.0500270426],[0.181833893,4.00796795,0.128521308],[0.160309374,4.028759,0.139542043],
							[0.177650392,4.04450798,0.122246109],[0.193807051,4.02926207,0.1138805],[0.222031727,4.02431011,0.208017826],[0.196796581,4.04355526,0.211789519],[0.21806863,4.06096697,0.202355817],[0.237020984,4.04688597,
								0.199453861],[0.231031179,4.03943682,0.297699571],[0.204847544,4.05709457,0.292384148],[0.240964577,4.06921196,0.293307781],[0.206980541,4.05547667,0.385235012],[0.183397859,4.07132196,0.370330065],
							[0.20350647,4.09142494,0.375715375],[0.221220315,4.0798955,0.386829883],[0.152920127,4.07449722,0.458393544],[0.135563463,4.08808517,0.435015559],[0.152061,4.10948658,0.445207328],[0.165117055,4.09964561,
								0.462659508],[0.0764225572,4.0981884,0.506889939],[0.068212539,4.10887814,0.477686167],[0.0806173533,4.13157606,0.490412593],[0.0868440941,4.12389898,0.512213826],[-0.0135117443,4.12214565,0.518650889],
							[-0.0117585948,4.12710285,0.495287031],[-0.0978479236,4.1629591,0.507503152],[-0.0848118961,4.16561794,0.478203148],[-0.0780790299,4.19043636,0.491076738],[-0.0876731277,4.1887393,0.512950897],[-0.169888556,
								4.20364332,0.460348547],[-0.148196906,4.20134163,0.436716914],[-0.142232791,4.22662926,0.449015796],[-0.15825519,4.22861624,0.466679424],[-0.216782331,4.24823523,0.390004367],[-0.189641297,4.2406702,
								0.374572426],[-0.183474794,4.26581764,0.387064427],[-0.203536719,4.27170753,0.39864856],[0.234165952,2.83745337,0.179368556],[0.211031035,2.87128067,0.163353086],[0.220495939,2.87970495,0.262309015],
							[0.193178564,2.86420298,0.256002903],[0.188628882,2.89033937,0.244820178],[0.208839521,2.90212655,0.249373466],[0.169068351,2.9090786,0.337867439],[0.14682439,2.89064217,0.324175596],[0.144304633,2.91557121,
								0.309908241],[0.160774857,2.92952156,0.319905281],[0.0934450701,2.93925047,0.388655096],[0.0778885856,2.9181056,0.370525569],[0.0793708488,2.94139767,0.353504658],[0.0909253657,2.95733881,0.366762549],
							[0.00739965867,2.97773218,0.406231314],[0.00802908745,2.98084879,0.377183884],[-0.0837683454,3.00259233,0.391629487],[-0.0868417546,2.97691059,0.373176128],[-0.0727840364,2.99562597,0.356039971],[-0.070348762,
								3.01488113,0.369536787],[-0.159273237,3.03566885,0.344034761],[-0.158574194,3.00829053,0.328030169],[-0.137964949,3.0240984,0.314975321],[-0.138255075,3.04457974,0.326701105],[-0.210754752,3.06936288,
								0.272009581],[-0.208268315,3.04075956,0.258614898],[-0.182733923,3.05330968,0.252390921],[-0.184295192,3.0746634,0.262256622],[-0.230928794,3.10328722,0.186499834],[-0.228096604,3.07398224,0.174858719],
							[-0.199489564,3.09746361,0.183032095],[-0.217232078,3.13700175,0.10031534],[-0.214527011,3.10754585,0.0890439302],[-0.188360602,3.11286831,0.100867383],[-0.190076992,3.13477445,0.109358281],[-0.172304317,
								3.16995096,0.0265279133],[-0.168819249,3.14116812,0.0137144253],[-0.147673577,3.14266801,0.0338280834],[-0.150024131,3.1640327,0.0435545743],[-0.103600465,3.20623398,-0.0240691155],[-0.0968914926,
								3.1792109,-0.0393775627],[-0.0835549086,3.17649126,-0.0135081876],[-0.0883831158,3.19650364,-0.00186743587],[-0.0209936909,3.24709368,-0.043079216],[-0.0102295103,3.22202587,-0.0592351705],[-0.00629178621,
								3.21474314,-0.031192502],[-0.0142318439,3.23325515,-0.0188990831],[0.0639371499,3.28091288,-0.0285078157],[0.0785826817,3.25742435,-0.0440512821],[0.0728807747,3.24624586,-0.0176781788],[0.0619551465,
								3.26354337,-0.00585753843],[0.137768894,3.30672598,0.0161334369],[0.157398716,3.2850492,0.00348789245],[0.143577993,3.27091789,0.0248995088],[0.128865615,3.28683877,0.0345158204],[0.189977854,
								3.32903433,0.0844712481],[0.214229897,3.3093679,0.0777949989],[0.195006654,3.29286432,0.0920855552],[0.176806167,3.30726767,0.0971955955],[0.213643327,3.34900761,0.166915759],[0.240294576,3.33138347,
								0.16845867],[0.218796611,3.31289244,0.174715817],[0.198791444,3.32575893,0.173640788],[0.205767736,3.36732793,0.251507133],[0.231591702,3.35186291,0.262601614],[0.210831404,3.33172393,0.261585593],
							[0.191448018,3.34297085,0.253345698],[0.16846256,3.38758206,0.326157331],[0.189639673,3.37474298,0.346650988],[0.171551853,3.35312557,0.340411007],[0.155644596,3.36240864,0.325141937],[0.107580952,3.41206312,
								0.381031632],[0.120778531,3.40245628,0.408729821],[0.106369987,3.37935138,0.399193823],[0.0964218304,3.38622069,0.378544718],[0.0368121043,3.44693255,0.421571523],[0.0296035819,3.41797447,0.440602273],
							[0.0219533313,3.40890145,0.413987577],[0.0261445921,3.4272778,0.399595708],[-0.046184428,3.47369337,0.411438167],[-0.0553804561,3.46555209,0.437930197],[-0.0628354847,3.43642402,0.419451028],[-0.118975833,
								3.49860096,0.375224292],[-0.136546105,3.50098515,0.402067214],[-0.14291963,3.47483015,0.391978681],[-0.12995854,3.47277212,0.371957779],[-0.172108829,3.53139281,0.319622576],[-0.196848959,3.53828359,
								0.338950157],[-0.203083605,3.5120101,0.329095542],[-0.184803173,3.50660825,0.314651281],[-0.19712162,3.55846357,0.245056912],[-0.234369785,3.55067873,0.247807771],[-0.213462502,3.54195952,0.240241438],
							[-0.197283238,3.60609508,0.175871581],[-0.22508876,3.61456776,0.173284173],[-0.165550783,3.63192463,0.10324844],[-0.189874768,3.65137672,0.0959972963],[-0.195143119,3.62806606,0.0798752755],[-0.177160621,
								3.61338019,0.0850747526],[-0.109286442,3.66328073,0.0507821254],[-0.127781212,3.68601751,0.0381630883],[-0.129708469,3.66462612,0.01885508],[-0.116012432,3.64752579,0.0280005708],[-0.0341648981,
								3.68531728,0.0208318196],[-0.0469059609,3.71790433,0.0165957734],[-0.039020814,3.68519592,-0.00798139907],[0.0397107676,3.72517371,0.0292605385],[0.0366349705,3.74668884,0.0101091936],[0.0468996167,
								3.72986245,-0.0111665521],[0.116397589,3.74372125,0.0563509054],[0.114720702,3.77263951,0.0434108935],[0.132162869,3.7582469,0.0251538157],[0.133599848,3.73663902,0.0345490128],[0.174117282,3.76636553,
								0.113417998],[0.174816877,3.79625368,0.102921136],[0.198400319,3.78432226,0.09069819],[0.198142722,3.7620225,0.0983481854],[0.207174271,3.78790808,0.188396066],[0.208706856,3.81837821,0.179916263],
							[0.236026019,3.80891895,0.176127374],[0.235192001,3.78621483,0.18237479],[0.210422724,3.80819726,0.270290315],[0.212062985,3.83915377,0.263780683],[0.23975119,3.83201241,0.269458026],[0.2388414,3.80897307,
								0.274349064],[0.183273569,3.82292032,0.349147677],[0.184605315,3.85395384,0.343012273],[0.209094763,3.84871912,0.358056396],[0.20837836,3.82564378,0.362773657],[0.12869519,3.84007859,0.41405344],
							[0.131553248,3.87059855,0.405952096],[0.149441943,3.86753464,0.428857595],[0.147520348,3.84486413,0.435120076],[0.0544838272,3.86307836,0.454906881],[0.0608093962,3.89250708,0.44484365],[0.0698541701,
								3.89223099,0.472617507],[0.0652627721,3.87040091,0.480389029],[-0.0285966899,3.8915689,0.465717435],[-0.0173065849,3.91927099,0.454945087],[-0.0178553648,3.92235065,0.483959794],[-0.0262352061,
								3.90183854,0.492271036],[-0.108521961,3.9257369,0.445095837],[-0.0913223997,3.9508872,0.435787559],[-0.100643679,3.95778513,0.462522596],[-0.113503702,3.93920803,0.469722718],[-0.173391163,3.96493554,
								0.396228462],[-0.150572866,3.98666763,0.391086876],[-0.166522384,3.99764419,0.412797153],[-0.183623195,3.98164749,0.416851133],[-0.213295639,4.00779676,0.326555431],[-0.186575353,4.02532578,0.328137726],
							[-0.206223711,4.04036713,0.34331882],[-0.226259574,4.02753258,0.342313468],[-0.221841291,4.05241919,0.246758536],[-0.194184184,4.06516647,0.256773889],[-0.229130298,4.07957649,0.261344582],[-0.197183475,
								4.0966382,0.169231579],[-0.172286391,4.10433102,0.187995553],[-0.190784216,4.12633991,0.190997973],[-0.209455073,4.1208787,0.177114189],[-0.142398387,4.13834476,0.106253788],[-0.123952128,4.14105034,
								0.132447392],[-0.139164031,4.165555,0.13176021],[-0.153013989,4.16382027,0.112325057],[-0.0651133806,4.17580462,0.0681337714],[-0.0560210273,4.1739068,0.0989391133],[-0.0676570088,4.20014763,0.0965555981],
							[-0.0745296404,4.20184565,0.0736811757],[0.0256271046,4.20079708,0.0642824993],[0.0244314112,4.19612694,0.0877409428],[0.110690422,4.23441076,0.0888062418],[0.0983794779,4.22524309,0.117079474],[0.0911285281,
								4.25299168,0.115092583],[0.100179091,4.26009846,0.0941005945],[0.183397099,4.25584984,0.146782145],[0.162478939,4.24407864,0.16816096],[0.155440941,4.27189445,0.166422129],[0.170877755,4.2809329,
								0.150546402],[0.230877325,4.27359533,0.227989107],[0.204574317,4.25974417,0.240100935],[0.196966752,4.28735542,0.237507537],[0.216391146,4.29793501,0.228495568],[0.211111531,4.27850914,0.325581729],
							[0.245192602,4.304492,0.315613151]
						]
					]
				]
			],
			[
				[
					"scope","public",
					"type","numeric",
					"name","Cd",
					"options",{
						"type":{
							"type":"string",
							"value":"color"
						}
					}
				],
				[
					"size",3,
					"storage","fpreal32",
					"defaults",[
						"size",1,
						"storage","fpreal64",
						"values",[1]
					],
					"values",[
						"size",3,
						"storage","fpreal32",
						"tuples",[[0.300000012,0.300000012,0.075000003],[0.300000012,0.300000012,0.075000003],[0.300000012,0.300000012,0.075000003],[0.300000012,0.300000012,0.075000003],[0.300000012,0.300000012,0.075000003],[0.300000012,
								0.300000012,0.075000003],[0.300000012,0.300000012,0.075000003],[0.300000012,0.300000012,0.075000003],[0.300000012,0.300000012,0.075000003],[0.300000012,0.300000012,0.075000003],[0.300000012,0.300000012,
								0.075000003],[0.300000012,0.300000012,0.075000003],[0.300000012,0.300000012,0.075000003],[0.300000012,0.300000012,0.075000003],[0.300000012,0.300000012,0.075000003],[0.300000012,0.300000012,0.075000003],
							[0.300000012,0.300000012,0.075000003],[0.300000012,0.300000012,0.075000003],[0.300000012,0.300000012,0.075000003],[0.300000012,0.300000012,0.075000003],[0.300000012,0.300000012,0.075000003],[0.300000012,
								0.300000012,0.075000003],[0.300000012,0.300000012,0.075000003],[0.300000012,0.300000012,0.075000003],[0.300000012,0.300000012,0.075000003],[0.300000012,0.300000012,0.075000003],[0.300000012,0.300000012,
								0.075000003],[0.300000012,0.300000012,0.075000003],[0.300000012,0.300000012,0.075000003],[0.300000012,0.300000012,0.075000003],[0.300000012,0.300000012,0.075000003],[0.300000012,0.300000012,0.075000003],
							[0.300000012,0.300000012,0.075000003],[0.300000012,0.300000012,0.075000003],[0.300000012,0.300000012,0.075000003],[0.300000012,0.300000012,0.075000003],[0.300000012,0.300000012,0.075000003],[0.300000012,
								0.300000012,0.075000003],[0.300000012,0.300000012,0.075000003],[0.300000012,0.300000012,0.075000003],[0.300000012,0.300000012,0.075000003],[0.300000012,0.300000012,0.075000003],[0.300000012,0.300000012,
								0.075000003],[0.300000012,0.300000012,0.075000003],[0.300000012,0.300000012,0.075000003],[0.300000012,0.300000012,0.075000003],[0.300000012,0.300000012,0.075000003],[0.300000012,0.300000012,0.075000003],
							[0.300000012,0.300000012,0.075000003],[0.300000012,0.300000012,0.075000003],[0.300000012,0.300000012,0.075000003],[0.300000012,0.300000012,0.075000003],[0.300000012,0.300000012,0.075000003],[0.300000012,
								0.300000012,0.075000003],[0.300000012,0.300000012,0.075000003],[0.300000012,0.300000012,0.075000003],[0.300000012,0.300000012,0.075000003],[0.300000012,0.300000012,0.075000003],[0.300000012,0.300000012,
								0.075000003],[0.300000012,0.300000012,0.075000003],[0.300000012,0.300000012,0.075000003],[0.300000012,0.300000012,0.075000003],[0.300000012,0.300000012,0.075000003],[0.300000012,0.300000012,0.075000003],
							[0.300000012,0.300000012,0.075000003],[0.300000012,0.300000012,0.075000003],[0.300000012,0.300000012,0.075000003],[0.300000012,0.300000012,0.075000003],[0.300000012,0.300000012,0.075000003],[0.300000012,
								0.300000012,0.075000003],[0.300000012,0.300000012,0.075000003],[0.300000012,0.300000012,0.075000003],[0.300000012,0.300000012,0.075000003],[0.300000012,0.300000012,0.075000003],[0.300000012,0.300000012,
								0.075000003],[0.300000012,0.300000012,0.075000003],[0.300000012,0.300000012,0.075000003],[0.300000012,0.300000012,0.075000003],[0.300000012,0.300000012,0.075000003],[0.300000012,0.300000012,0.075000003],
							[0.300000012,0.300000012,0.075000003],[0.300000012,0.300000012,0.075000003],[0.300000012,0.300000012,0.075000003],[0.300000012,0.300000012,0.075000003],[0.300000012,0.300000012,0.075000003],[0.300000012,
								0.300000012,0.075000003],[0.300000012,0.300000012,0.075000003],[0.300000012,0.300000012,0.075000003],[0.300000012,0.300000012,0.075000003],[0.300000012,0.300000012,0.075000003],[0.300000012,0.300000012,
								0.075000003],[0.300000012,0.300000012,0.075000003],[0.300000012,0.300000012,0.075000003],[0.300000012,0.300000012,0.075000003],[0.300000012,0.300000012,0.075000003],[0.300000012,0.300000012,0.075000003],
							[0.300000012,0.300000012,0.075000003],[0.300000012,0.300000012,0.075000003],[0.300000012,0.300000012,0.075000003],[0.300000012,0.300000012,0.075000003],[0.300000012,0.300000012,0.075000003],[0.300000012,
								0.300000012,0.075000003],[0.300000012,0.300000012,0.075000003],[0.300000012,0.300000012,0.075000003],[0.300000012,0.300000012,0.075000003],[0.300000012,0.300000012,0.075000003],[0.300000012,0.300000012,
								0.075000003],[0.300000012,0.300000012,0.075000003],[0.300000012,0.300000012,0.075000003],[0.300000012,0.300000012,0.075000003],[0.300000012,0.300000012,0.075000003],[0.300000012,0.300000012,0.075000003],
							[0.300000012,0.300000012,0.075000003],[0.300000012,0.300000012,0.075000003],[0.300000012,0.300000012,0.075000003],[0.300000012,0.300000012,0.075000003],[0.300000012,0.300000012,0.075000003],[0.300000012,
								0.300000012,0.075000003],[0.300000012,0.300000012,0.075000003],[0.300000012,0.300000012,0.075000003],[0.300000012,0.300000012,0.075000003],[0.300000012,0.300000012,0.075000003],[0.300000012,0.300000012,
								0.075000003],[0.300000012,0.300000012,0.075000003],[0.300000012,0.300000012,0.075000003],[0.300000012,0.300000012,0.075000003],[0.300000012,0.300000012,0.075000003],[0.300000012,0.300000012,0.075000003],
							[0.300000012,0.300000012,0.075000003],[0.300000012,0.300000012,0.075000003],[0.300000012,0.300000012,0.075000003],[0.300000012,0.300000012,0.075000003],[0.300000012,0.300000012,0.075000003],[0.300000012,
								0.300000012,0.075000003],[0.300000012,0.300000012,0.075000003],[0.300000012,0.300000012,0.075000003],[0.300000012,0.300000012,0.075000003],[0.300000012,0.300000012,0.075000003],[0.300000012,0.300000012,
								0.075000003],[0.300000012,0.300000012,0.075000003],[0.300000012,0.300000012,0.075000003],[0.300000012,0.300000012,0.075000003],[0.300000012,0.300000012,0.075000003],[0.300000012,0.300000012,0.075000003],
							[0.300000012,0.300000012,0.075000003],[0.300000012,0.300000012,0.075000003],[0.300000012,0.300000012,0.075000003],[0.300000012,0.300000012,0.075000003],[0.300000012,0.300000012,0.075000003],[0.300000012,
								0.300000012,0.075000003],[0.300000012,0.300000012,0.075000003],[0.300000012,0.300000012,0.075000003],[0.300000012,0.300000012,0.075000003],[0.300000012,0.300000012,0.075000003],[0.300000012,0.300000012,
								0.075000003],[0.300000012,0.300000012,0.075000003],[0.300000012,0.300000012,0.075000003],[0.300000012,0.300000012,0.075000003],[0.300000012,0.300000012,0.075000003],[0.300000012,0.300000012,0.075000003],
							[0.300000012,0.300000012,0.075000003],[0.300000012,0.300000012,0.075000003],[0.300000012,0.300000012,0.075000003],[0.300000012,0.300000012,0.075000003],[0.300000012,0.300000012,0.075000003],[0.300000012,
								0.300000012,0.075000003],[0.300000012,0.300000012,0.075000003],[0.300000012,0.300000012,0.075000003],[0.300000012,0.300000012,0.075000003],[0.300000012,0.300000012,0.075000003],[0.300000012,0.300000012,
								0.075000003],[0.300000012,0.300000012,0.075000003],[0.300000012,0.300000012,0.075000003],[0.300000012,0.300000012,0.075000003],[0.300000012,0.300000012,0.075000003],[0.300000012,0.300000012,0.075000003],
							[0.300000012,0.300000012,0.075000003],[0.300000012,0.300000012,0.075000003],[0.300000012,0.300000012,0.075000003],[0.300000012,0.300000012,0.075000003],[0.300000012,0.300000012,0.075000003],[0.300000012,
								0.300000012,0.075000003],[0.300000012,0.300000012,0.075000003],[0.300000012,0.300000012,0.075000003],[0.300000012,0.300000012,0.075000003],[0.300000012,0.300000012,0.075000003],[0.300000012,0.300000012,
								0.075000003],[0.300000012,0.300000012,0.075000003],[0.300000012,0.300000012,0.075000003],[0.300000012,0.300000012,0.075000003],[0.300000012,0.300000012,0.075000003],[0.300000012,0.300000012,0.075000003],
							[0.300000012,0.300000012,0.075000003],[0.300000012,0.300000012,0.075000003],[0.300000012,0.300000012,0.075000003],[0.300000012,0.300000012,0.075000003],[0.300000012,0.300000012,0.075000003],[0.300000012,
								0.300000012,0.075000003],[0.300000012,0.300000012,0.075000003],[0.300000012,0.300000012,0.075000003],[0.300000012,0.300000012,0.075000003],[0.300000012,0.300000012,0.075000003],[0.300000012,0.300000012,
								0.075000003],[0.300000012,0.300000012,0.075000003],[0.300000012,0.300000012,0.075000003],[0.300000012,0.300000012,0.075000003],[0.300000012,0.300000012,0.075000003],[0.300000012,0.300000012,0.075000003],
							[0.300000012,0.300000012,0.075000003],[0.300000012,0.300000012,0.075000003],[0.300000012,0.300000012,0.075000003],[0.300000012,0.300000012,0.075000003],[0.300000012,0.300000012,0.075000003],[0.300000012,
								0.300000012,0.075000003],[0.300000012,0.300000012,0.075000003],[0.300000012,0.300000012,0.075000003],[0.300000012,0.300000012,0.075000003],[0.300000012,0.300000012,0.075000003],[0.300000012,0.300000012,
								0.075000003],[0.300000012,0.300000012,0.075000003],[0.300000012,0.300000012,0.075000003],[0.300000012,0.300000012,0.075000003],[0.300000012,0.300000012,0.075000003],[0.300000012,0.300000012,0.075000003],
							[0.300000012,0.300000012,0.075000003],[0.300000012,0.300000012,0.075000003],[0.300000012,0.300000012,0.075000003],[0.300000012,0.300000012,0.075000003],[0.300000012,0.300000012,0.075000003],[0.300000012,
								0.300000012,0.075000003],[0.300000012,0.300000012,0.075000003],[0.300000012,0.300000012,0.075000003],[0.300000012,0.300000012,0.075000003],[0.300000012,0.300000012,0.075000003],[0.300000012,0.300000012,
								0.075000003],[0.300000012,0.300000012,0.075000003],[0.300000012,0.300000012,0.075000003],[0.300000012,0.300000012,0.075000003],[0.300000012,0.300000012,0.075000003],[0.300000012,0.300000012,0.075000003],
							[0.300000012,0.300000012,0.075000003],[0.300000012,0.300000012,0.075000003],[0.300000012,0.300000012,0.075000003],[0.300000012,0.300000012,0.075000003],[0.300000012,0.300000012,0.075000003],[0.300000012,
								0.300000012,0.075000003],[0.300000012,0.300000012,0.075000003],[0.300000012,0.300000012,0.075000003],[0.300000012,0.300000012,0.075000003],[0.300000012,0.300000012,0.075000003],[0.300000012,0.300000012,
								0.075000003],[0.300000012,0.300000012,0.075000003],[0.300000012,0.300000012,0.075000003],[0.300000012,0.300000012,0.075000003],[0.300000012,0.300000012,0.075000003],[0.300000012,0.300000012,0.075000003],
							[0.300000012,0.300000012,0.075000003],[0.300000012,0.300000012,0.075000003],[0.300000012,0.300000012,0.075000003],[0.300000012,0.300000012,0.075000003],[0.300000012,0.300000012,0.075000003],[0.300000012,
								0.300000012,0.075000003],[0.300000012,0.300000012,0.075000003],[0.300000012,0.300000012,0.075000003],[0.300000012,0.300000012,0.075000003],[0.300000012,0.300000012,0.075000003],[0.300000012,0.300000012,
								0.075000003],[0.300000012,0.300000012,0.075000003],[0.300000012,0.300000012,0.075000003],[0.300000012,0.300000012,0.075000003],[0.300000012,0.300000012,0.075000003],[0.300000012,0.300000012,0.075000003],
							[0.300000012,0.300000012,0.075000003],[0.300000012,0.300000012,0.075000003],[0.300000012,0.300000012,0.075000003],[0.300000012,0.300000012,0.075000003],[0.300000012,0.300000012,0.075000003],[0.300000012,
								0.300000012,0.075000003],[0.300000012,0.300000012,0.075000003],[0.300000012,0.300000012,0.075000003],[0.300000012,0.300000012,0.075000003],[0.300000012,0.300000012,0.075000003],[0.300000012,0.300000012,
								0.075000003],[0.300000012,0.300000012,0.075000003],[0.300000012,0.300000012,0.075000003],[0.300000012,0.300000012,0.075000003],[0.300000012,0.300000012,0.075000003],[0.300000012,0.300000012,0.075000003],
							[0.300000012,0.300000012,0.075000003],[0.300000012,0.300000012,0.075000003],[0.300000012,0.300000012,0.075000003],[0.300000012,0.300000012,0.075000003],[0.300000012,0.300000012,0.075000003],[0.300000012,
								0.300000012,0.075000003],[0.300000012,0.300000012,0.075000003],[0.300000012,0.300000012,0.075000003],[0.300000012,0.300000012,0.075000003],[0.300000012,0.300000012,0.075000003],[0.300000012,0.300000012,
								0.075000003],[0.300000012,0.300000012,0.075000003],[0.300000012,0.300000012,0.075000003],[0.300000012,0.300000012,0.075000003],[0.300000012,0.300000012,0.075000003],[0.300000012,0.300000012,0.075000003],
							[0.300000012,0.300000012,0.075000003],[0.300000012,0.300000012,0.075000003],[0.300000012,0.300000012,0.075000003],[0.300000012,0.300000012,0.075000003],[0.300000012,0.300000012,0.075000003],[0.300000012,
								0.300000012,0.075000003],[0.300000012,0.300000012,0.075000003],[0.300000012,0.300000012,0.075000003],[0.300000012,0.300000012,0.075000003],[0.300000012,0.300000012,0.075000003],[0.300000012,0.300000012,
								0.075000003],[0.300000012,0.300000012,0.075000003],[0.300000012,0.300000012,0.075000003],[0.300000012,0.300000012,0.075000003],[0.300000012,0.300000012,0.075000003],[0.300000012,0.300000012,0.075000003],
							[0.300000012,0.300000012,0.075000003],[0.300000012,0.300000012,0.075000003],[0.300000012,0.300000012,0.075000003],[0.300000012,0.300000012,0.075000003],[0.300000012,0.300000012,0.075000003],[0.300000012,
								0.300000012,0.075000003],[0.300000012,0.300000012,0.075000003],[0.300000012,0.300000012,0.075000003],[0.300000012,0.300000012,0.075000003],[0.300000012,0.300000012,0.075000003],[0.300000012,0.300000012,
								0.075000003],[0.300000012,0.300000012,0.075000003],[0.300000012,0.300000012,0.075000003],[0.300000012,0.300000012,0.075000003],[0.300000012,0.300000012,0.075000003],[0.300000012,0.300000012,0.075000003],
							[0.300000012,0.300000012,0.075000003],[0.300000012,0.300000012,0.075000003],[0.300000012,0.300000012,0.075000003],[0.300000012,0.300000012,0.075000003],[0.300000012,0.300000012,0.075000003],[0.300000012,
								0.300000012,0.075000003],[0.300000012,0.300000012,0.075000003],[0.300000012,0.300000012,0.075000003],[0.300000012,0.300000012,0.075000003],[0.300000012,0.300000012,0.075000003],[0.300000012,0.300000012,
								0.075000003],[0.300000012,0.300000012,0.075000003],[0.300000012,0.300000012,0.075000003],[0.300000012,0.300000012,0.075000003],[0.300000012,0.300000012,0.075000003],[0.300000012,0.300000012,0.075000003],
							[0.300000012,0.300000012,0.075000003],[0.300000012,0.300000012,0.075000003],[0.300000012,0.300000012,0.075000003],[0.300000012,0.300000012,0.075000003],[0.300000012,0.300000012,0.075000003],[0.300000012,
								0.300000012,0.075000003],[0.300000012,0.300000012,0.075000003],[0.300000012,0.300000012,0.075000003],[0.300000012,0.300000012,0.075000003],[0.300000012,0.300000012,0.075000003],[0.300000012,0.300000012,
								0.075000003],[0.300000012,0.300000012,0.075000003],[0.300000012,0.300000012,0.075000003],[0.300000012,0.300000012,0.075000003],[0.300000012,0.300000012,0.075000003],[0.300000012,0.300000012,0.075000003],
							[0.300000012,0.300000012,0.075000003],[0.300000012,0.300000012,0.075000003],[0.300000012,0.300000012,0.075000003],[0.300000012,0.300000012,0.075000003],[0.300000012,0.300000012,0.075000003],[0.300000012,
								0.300000012,0.075000003],[0.300000012,0.300000012,0.075000003],[0.300000012,0.300000012,0.075000003],[0.300000012,0.300000012,0.075000003],[0.300000012,0.300000012,0.075000003],[0.300000012,0.300000012,
								0.075000003],[0.300000012,0.300000012,0.075000003],[0.300000012,0.300000012,0.075000003],[0.300000012,0.300000012,0.075000003],[0.300000012,0.300000012,0.075000003],[0.300000012,0.300000012,0.075000003],
							[0.300000012,0.300000012,0.075000003],[0.300000012,0.300000012,0.075000003],[0.300000012,0.300000012,0.075000003],[0.300000012,0.300000012,0.075000003],[0.300000012,0.300000012,0.075000003],[0.300000012,
								0.300000012,0.075000003],[0.300000012,0.300000012,0.075000003],[0.300000012,0.300000012,0.075000003],[0.300000012,0.300000012,0.075000003],[0.300000012,0.300000012,0.075000003],[0.300000012,0.300000012,
								0.075000003],[0.300000012,0.300000012,0.075000003],[0.300000012,0.300000012,0.075000003],[0.300000012,0.300000012,0.075000003],[0.300000012,0.300000012,0.075000003],[0.300000012,0.300000012,0.075000003],
							[0.300000012,0.300000012,0.075000003],[0.300000012,0.300000012,0.075000003],[0.300000012,0.300000012,0.075000003],[0.300000012,0.300000012,0.075000003],[0.300000012,0.300000012,0.075000003],[0.300000012,
								0.300000012,0.075000003],[0.300000012,0.300000012,0.075000003],[0.300000012,0.300000012,0.075000003],[0.300000012,0.300000012,0.075000003],[0.300000012,0.300000012,0.075000003],[0.300000012,0.300000012,
								0.075000003],[0.300000012,0.300000012,0.075000003],[0.300000012,0.300000012,0.075000003],[0.300000012,0.300000012,0.075000003],[0.300000012,0.300000012,0.075000003],[0.300000012,0.300000012,0.075000003],
							[0.300000012,0.300000012,0.075000003],[0.300000012,0.300000012,0.075000003],[0.300000012,0.300000012,0.075000003],[0.300000012,0.300000012,0.075000003],[0.300000012,0.300000012,0.075000003],[0.300000012,
								0.300000012,0.075000003],[0.300000012,0.300000012,0.075000003],[0.300000012,0.300000012,0.075000003],[0.300000012,0.300000012,0.075000003],[0.300000012,0.300000012,0.075000003],[0.300000012,0.300000012,
								0.075000003],[0.300000012,0.300000012,0.075000003],[0.300000012,0.300000012,0.075000003],[0.300000012,0.300000012,0.075000003],[0.300000012,0.300000012,0.075000003],[0.300000012,0.300000012,0.075000003],
							[0.300000012,0.300000012,0.075000003],[0.300000012,0.300000012,0.075000003],[0.300000012,0.300000012,0.075000003],[0.300000012,0.300000012,0.075000003],[0.300000012,0.300000012,0.075000003],[0.300000012,
								0.300000012,0.075000003],[0.300000012,0.300000012,0.075000003],[0.300000012,0.300000012,0.075000003],[0.300000012,0.300000012,0.075000003],[0.300000012,0.300000012,0.075000003],[0.300000012,0.300000012,
								0.075000003],[0.300000012,0.300000012,0.075000003],[0.300000012,0.300000012,0.075000003],[0.300000012,0.300000012,0.075000003],[0.300000012,0.300000012,0.075000003],[0.300000012,0.300000012,0.075000003],
							[0.300000012,0.300000012,0.075000003],[0.300000012,0.300000012,0.075000003],[0.300000012,0.300000012,0.075000003],[0.300000012,0.300000012,0.075000003],[0.300000012,0.300000012,0.075000003],[0.300000012,
								0.300000012,0.075000003],[0.300000012,0.300000012,0.075000003],[0.300000012,0.300000012,0.075000003],[0.300000012,0.300000012,0.075000003],[0.300000012,0.300000012,0.075000003],[0.300000012,0.300000012,
								0.075000003],[0.300000012,0.300000012,0.075000003],[0.300000012,0.300000012,0.075000003],[0.300000012,0.300000012,0.075000003],[0.300000012,0.300000012,0.075000003],[0.300000012,0.300000012,0.075000003],
							[0.300000012,0.300000012,0.075000003],[0.300000012,0.300000012,0.075000003],[0.300000012,0.300000012,0.075000003],[0.300000012,0.300000012,0.075000003],[0.300000012,0.300000012,0.075000003],[0.300000012,
								0.300000012,0.075000003],[0.300000012,0.300000012,0.075000003],[0.300000012,0.300000012,0.075000003],[0.300000012,0.300000012,0.075000003],[0.300000012,0.300000012,0.075000003],[0.300000012,0.300000012,
								0.075000003],[0.300000012,0.300000012,0.075000003],[0.300000012,0.300000012,0.075000003],[0.300000012,0.300000012,0.075000003],[0.300000012,0.300000012,0.075000003],[0.300000012,0.300000012,0.075000003],
							[0.300000012,0.300000012,0.075000003],[0.300000012,0.300000012,0.075000003],[0.300000012,0.300000012,0.075000003],[0.300000012,0.300000012,0.075000003],[0.300000012,0.300000012,0.075000003],[0.300000012,
								0.300000012,0.075000003],[0.300000012,0.300000012,0.075000003],[0.300000012,0.300000012,0.075000003],[0.300000012,0.300000012,0.075000003],[0.300000012,0.300000012,0.075000003],[0.300000012,0.300000012,
								0.075000003],[0.300000012,0.300000012,0.075000003],[0.300000012,0.300000012,0.075000003],[0.300000012,0.300000012,0.075000003],[0.300000012,0.300000012,0.075000003],[0.300000012,0.300000012,0.075000003],
							[0.300000012,0.300000012,0.075000003],[0.300000012,0.300000012,0.075000003],[0.300000012,0.300000012,0.075000003],[0.300000012,0.300000012,0.075000003],[0.300000012,0.300000012,0.075000003],[0.300000012,
								0.300000012,0.075000003],[0.300000012,0.300000012,0.075000003],[0.300000012,0.300000012,0.075000003],[0.300000012,0.300000012,0.075000003],[0.300000012,0.300000012,0.075000003],[0.300000012,0.300000012,
								0.075000003],[0.300000012,0.300000012,0.075000003],[0.300000012,0.300000012,0.075000003],[0.300000012,0.300000012,0.075000003],[0.300000012,0.300000012,0.075000003],[0.300000012,0.300000012,0.075000003],
							[0.300000012,0.300000012,0.075000003],[0.300000012,0.300000012,0.075000003],[0.300000012,0.300000012,0.075000003],[0.300000012,0.300000012,0.075000003],[0.300000012,0.300000012,0.075000003],[0.300000012,
								0.300000012,0.075000003],[0.300000012,0.300000012,0.075000003],[0.300000012,0.300000012,0.075000003],[0.300000012,0.300000012,0.075000003],[0.300000012,0.300000012,0.075000003],[0.300000012,0.300000012,
								0.075000003],[0.300000012,0.300000012,0.075000003],[0.300000012,0.300000012,0.075000003],[0.300000012,0.300000012,0.075000003],[0.300000012,0.300000012,0.075000003],[0.300000012,0.300000012,0.075000003],
							[0.300000012,0.300000012,0.075000003],[0.300000012,0.300000012,0.075000003],[0.300000012,0.300000012,0.075000003],[0.300000012,0.300000012,0.075000003],[0.300000012,0.300000012,0.075000003],[0.300000012,
								0.300000012,0.075000003],[0.300000012,0.300000012,0.075000003],[0.300000012,0.300000012,0.075000003],[0.300000012,0.300000012,0.075000003],[0.300000012,0.300000012,0.075000003],[0.300000012,0.300000012,
								0.075000003],[0.300000012,0.300000012,0.075000003],[0.300000012,0.300000012,0.075000003],[0.300000012,0.300000012,0.075000003],[0.300000012,0.300000012,0.075000003],[0.300000012,0.300000012,0.075000003],
							[0.300000012,0.300000012,0.075000003],[0.300000012,0.300000012,0.075000003],[0.300000012,0.300000012,0.075000003],[0.300000012,0.300000012,0.075000003],[0.300000012,0.300000012,0.075000003],[0.300000012,
								0.300000012,0.075000003],[0.300000012,0.300000012,0.075000003],[0.300000012,0.300000012,0.075000003],[0.300000012,0.300000012,0.075000003],[0.300000012,0.300000012,0.075000003],[0.300000012,0.300000012,
								0.075000003],[0.300000012,0.300000012,0.075000003],[0.300000012,0.300000012,0.075000003],[0.300000012,0.300000012,0.075000003],[0.300000012,0.300000012,0.075000003],[0.300000012,0.300000012,0.075000003],
							[0.300000012,0.300000012,0.075000003],[0.300000012,0.300000012,0.075000003],[0.300000012,0.300000012,0.075000003],[0.300000012,0.300000012,0.075000003],[0.300000012,0.300000012,0.075000003],[0.300000012,
								0.300000012,0.075000003],[0.300000012,0.300000012,0.075000003],[0.300000012,0.300000012,0.075000003],[0.300000012,0.300000012,0.075000003],[0.300000012,0.300000012,0.075000003],[0.300000012,0.300000012,
								0.075000003],[0.300000012,0.300000012,0.075000003],[0.300000012,0.300000012,0.075000003],[0.300000012,0.300000012,0.075000003],[0.300000012,0.300000012,0.075000003],[0.300000012,0.300000012,0.075000003],
							[0.300000012,0.300000012,0.075000003],[0.300000012,0.300000012,0.075000003],[0.300000012,0.300000012,0.075000003],[0.300000012,0.300000012,0.075000003],[0.300000012,0.300000012,0.075000003],[0.300000012,
								0.300000012,0.075000003],[0.300000012,0.300000012,0.075000003],[0.300000012,0.300000012,0.075000003],[0.300000012,0.300000012,0.075000003],[0.300000012,0.300000012,0.075000003],[0.300000012,0.300000012,
								0.075000003],[0.300000012,0.300000012,0.075000003],[0.300000012,0.300000012,0.075000003],[0.300000012,0.300000012,0.075000003],[0.300000012,0.300000012,0.075000003],[0.300000012,0.300000012,0.075000003],
							[0.300000012,0.300000012,0.075000003],[0.300000012,0.300000012,0.075000003],[0.300000012,0.300000012,0.075000003],[0.300000012,0.300000012,0.075000003],[0.300000012,0.300000012,0.075000003],[0.300000012,
								0.300000012,0.075000003],[0.300000012,0.300000012,0.075000003],[0.300000012,0.300000012,0.075000003],[0.300000012,0.300000012,0.075000003],[0.300000012,0.300000012,0.075000003],[0.300000012,0.300000012,
								0.075000003],[0.300000012,0.300000012,0.075000003],[0.300000012,0.300000012,0.075000003],[0.300000012,0.300000012,0.075000003],[0.300000012,0.300000012,0.075000003],[0.300000012,0.300000012,0.075000003],
							[0.300000012,0.300000012,0.075000003],[0.300000012,0.300000012,0.075000003],[0.300000012,0.300000012,0.075000003],[0.300000012,0.300000012,0.075000003],[0.300000012,0.300000012,0.075000003],[0.300000012,
								0.300000012,0.075000003],[0.300000012,0.300000012,0.075000003],[0.300000012,0.300000012,0.075000003],[0.300000012,0.300000012,0.075000003],[0.300000012,0.300000012,0.075000003],[0.300000012,0.300000012,
								0.075000003],[0.300000012,0.300000012,0.075000003],[0.300000012,0.300000012,0.075000003],[0.300000012,0.300000012,0.075000003],[0.300000012,0.300000012,0.075000003],[0.300000012,0.300000012,0.075000003],
							[0.300000012,0.300000012,0.075000003],[0.300000012,0.300000012,0.075000003],[0.300000012,0.300000012,0.075000003],[0.300000012,0.300000012,0.075000003],[0.300000012,0.300000012,0.075000003],[0.300000012,
								0.300000012,0.075000003],[0.300000012,0.300000012,0.075000003],[0.300000012,0.300000012,0.075000003],[0.300000012,0.300000012,0.075000003],[0.300000012,0.300000012,0.075000003],[0.300000012,0.300000012,
								0.075000003],[0.300000012,0.300000012,0.075000003],[0.300000012,0.300000012,0.075000003],[0.300000012,0.300000012,0.075000003],[0.300000012,0.300000012,0.075000003],[0.300000012,0.300000012,0.075000003],
							[0.300000012,0.300000012,0.075000003],[0.300000012,0.300000012,0.075000003],[0.300000012,0.300000012,0.075000003],[0.300000012,0.300000012,0.075000003],[0.300000012,0.300000012,0.075000003],[0.300000012,
								0.300000012,0.075000003],[0.300000012,0.300000012,0.075000003],[0.300000012,0.300000012,0.075000003],[0.300000012,0.300000012,0.075000003],[0.300000012,0.300000012,0.075000003],[0.300000012,0.300000012,
								0.075000003],[0.300000012,0.300000012,0.075000003],[0.300000012,0.300000012,0.075000003],[0.300000012,0.300000012,0.075000003],[0.300000012,0.300000012,0.075000003],[0.300000012,0.300000012,0.075000003],
							[0.300000012,0.300000012,0.075000003],[0.300000012,0.300000012,0.075000003],[0.300000012,0.300000012,0.075000003],[0.300000012,0.300000012,0.075000003],[0.300000012,0.300000012,0.075000003],[0.300000012,
								0.300000012,0.075000003],[0.300000012,0.300000012,0.075000003],[0.300000012,0.300000012,0.075000003],[0.300000012,0.300000012,0.075000003],[0.300000012,0.300000012,0.075000003],[0.300000012,0.300000012,
								0.075000003],[0.300000012,0.300000012,0.075000003],[0.300000012,0.300000012,0.075000003],[0.300000012,0.300000012,0.075000003],[0.300000012,0.300000012,0.075000003],[0.300000012,0.300000012,0.075000003],
							[0.300000012,0.300000012,0.075000003],[0.300000012,0.300000012,0.075000003],[0.300000012,0.300000012,0.075000003],[0.300000012,0.300000012,0.075000003],[0.300000012,0.300000012,0.075000003],[0.300000012,
								0.300000012,0.075000003],[0.300000012,0.300000012,0.075000003],[0.300000012,0.300000012,0.075000003],[0.300000012,0.300000012,0.075000003],[0.300000012,0.300000012,0.075000003],[0.300000012,0.300000012,
								0.075000003],[0.300000012,0.300000012,0.075000003],[0.300000012,0.300000012,0.075000003],[0.300000012,0.300000012,0.075000003],[0.300000012,0.300000012,0.075000003],[0.300000012,0.300000012,0.075000003],
							[0.300000012,0.300000012,0.075000003],[0.300000012,0.300000012,0.075000003],[0.300000012,0.300000012,0.075000003],[0.300000012,0.300000012,0.075000003],[0.300000012,0.300000012,0.075000003],[0.300000012,
								0.300000012,0.075000003],[0.300000012,0.300000012,0.075000003],[0.300000012,0.300000012,0.075000003],[0.300000012,0.300000012,0.075000003],[0.300000012,0.300000012,0.075000003],[0.300000012,0.300000012,
								0.075000003],[0.300000012,0.300000012,0.075000003],[0.300000012,0.300000012,0.075000003],[0.300000012,0.300000012,0.075000003],[0.300000012,0.300000012,0.075000003],[0.300000012,0.300000012,0.075000003],
							[0.300000012,0.300000012,0.075000003],[0.300000012,0.300000012,0.075000003],[0.300000012,0.300000012,0.075000003],[0.300000012,0.300000012,0.075000003],[0.300000012,0.300000012,0.075000003],[0.300000012,
								0.300000012,0.075000003],[0.300000012,0.300000012,0.075000003],[0.300000012,0.300000012,0.075000003],[0.300000012,0.300000012,0.075000003],[0.300000012,0.300000012,0.075000003],[0.300000012,0.300000012,
								0.075000003],[0.300000012,0.300000012,0.075000003],[0.300000012,0.300000012,0.075000003],[0.300000012,0.300000012,0.075000003],[0.300000012,0.300000012,0.075000003],[0.300000012,0.300000012,0.075000003],
							[0.300000012,0.300000012,0.075000003],[0.300000012,0.300000012,0.075000003],[0.300000012,0.300000012,0.075000003],[0.300000012,0.300000012,0.075000003],[0.300000012,0.300000012,0.075000003],[0.300000012,
								0.300000012,0.075000003],[0.300000012,0.300000012,0.075000003],[0.300000012,0.300000012,0.075000003],[0.300000012,0.300000012,0.075000003],[0.300000012,0.300000012,0.075000003],[0.300000012,0.300000012,
								0.075000003],[0.300000012,0.300000012,0.075000003],[0.300000012,0.300000012,0.075000003],[0.300000012,0.300000012,0.075000003],[0.300000012,0.300000012,0.075000003],[0.300000012,0.300000012,0.075000003],
							[0.300000012,0.300000012,0.075000003],[0.300000012,0.300000012,0.075000003],[0.300000012,0.300000012,0.075000003],[0.300000012,0.300000012,0.075000003],[0.300000012,0.300000012,0.075000003],[0.300000012,
								0.300000012,0.075000003],[0.300000012,0.300000012,0.075000003],[0.300000012,0.300000012,0.075000003],[0.300000012,0.300000012,0.075000003],[0.300000012,0.300000012,0.075000003],[0.300000012,0.300000012,
								0.075000003],[0.300000012,0.300000012,0.075000003],[0.300000012,0.300000012,0.075000003],[0.300000012,0.300000012,0.075000003],[0.300000012,0.300000012,0.075000003],[0.300000012,0.300000012,0.075000003],
							[0.300000012,0.300000012,0.075000003],[0.300000012,0.300000012,0.075000003],[0.300000012,0.300000012,0.075000003],[0.300000012,0.300000012,0.075000003],[0.300000012,0.300000012,0.075000003],[0.300000012,
								0.300000012,0.075000003],[0.300000012,0.300000012,0.075000003],[0.300000012,0.300000012,0.075000003],[0.300000012,0.300000012,0.075000003],[0.300000012,0.300000012,0.075000003],[0.300000012,0.300000012,
								0.075000003],[0.300000012,0.300000012,0.075000003],[0.300000012,0.300000012,0.075000003],[0.300000012,0.300000012,0.075000003],[0.300000012,0.300000012,0.075000003]
						]
					]
				]
			]
		],
		"globalattributes",[
			[
				[
					"scope","public",
					"type","numeric",
					"name","mid_point",
					"options",{
					}
				],
				[
					"size",3,
					"storage","fpreal32",
					"defaults",[
						"size",1,
						"storage","fpreal64",
						"values",[0]
					],
					"values",[
						"size",3,
						"storage","fpreal32",
						"tuples",[[0.00269570271,3.58109593,0.346946806]
						]
					]
				]
			]
		]
	],
	"primitives",[
		[
			[
				"type","Polygon_run"
			],
			[
				"startvertex",0,
				"nprimitives",878,
				"nvertices_rle",[4,392,3,1,4,1,3,3,4,10,3,6,4,1,3,7,4,1,3,1,4,10,3,2,4,3,3,2,4,41,3,1,4,1,3,4,4,1,3,2,4,1,3,2,4,1,3,2,4,3,3,1,4,1,3,2,4,4,3,3,4,3,3,3,4,1,3,2,4,1,3,1,4,2,3,2,4,1,3,1,4,4,3,1,4,1,3,4,4,1,3,1,4,1,3,4,4,1,3,1,4,
					4,3,1,4,42,3,2,4,3,3,2,4,10,3,6,4,1,3,6,4,9,3,4,4,1,3,1,4,1,3,3,4,10,3,6,4,1,3,6,4,11,3,2,4,3,3,2,4,41,3,1,4,1,3,4,4,1,3,2,4,1,3,2,4,1,3,2,4,3,3,1,4,1,3,2,4,4,3,3,4,3,3,3,4,1,3,1,4,1,3,1,4,2,3,1,4,1,3,1,4,4,3,1,4,1,3,
					4,4,1,3,1,4,1,3,4,4,1,3,1,4,4,3,1,4,42,3,2,4,3,3,2,4,10,3,6,4,1,3,6,4,9,3,1,4,3,3,1]
			]
		]
	]
]
